36237 13652
1053 38100
1173 37281
40529 54729
34490 55498
22797 27769
38370 13324
52131 25599
579 18297
40675 22828
25249 32081
29531 36454
22253 1218
55868 3569
18969 1223
14930 56086
8582 38389
42905 8138
12466 63572
21638 36107
50571 6496
36111 4589
62777 2940
33649 24913
34369 29937
42135 7045
49369 63544
35798 39737
27935 16537
15061 48847
5095 25419
60810 12808
21983 6264
21520 46727
45875 24463
43470 7324
46395 38168
27698 36682
59185 64790
62580 36768
51697 15269
60052 6
4804 7953
37031 37995
6672 52895
31217 46166
60872 6756
38767 31874
16833 6067
3297 4717
18071 37232
25007 13743
16303 14793
11822 48964
51775 34619
9997 54329
40284 52220
54019 21986
57644 52471
37932 8943
64091 17362
61154 10276
13610 823
27234 33317
58562 56594
64346 40630
20321 43859
49826 41546
11189 48748
31491 65499
24500 2920
53392 63392
9285 3927
26843 32360
6005 20799
16578 15719
